[
    [1 1]
    [0 1],
    [ 22  -5]
    [185 -42],
    [  24  -17]
    [ 185 -131],
    [ 29  -8]
    [185 -51],
    [ 32  -9]
    [185 -52],
    [  34  -25]
    [ 185 -136],
    [ 38 -15]
    [185 -73],
    [ 118  -91]
    [ 555 -428],
    [ 199  -54]
    [ 925 -251],
    [ 401 -119]
    [1850 -549],
    [ 121  -75]
    [ 555 -344],
    [ 169 -103]
    [ 740 -451],
    [ 43 -10]
    [185 -43],
    [  49  -40]
    [ 185 -151],
    [ 149 -109]
    [ 555 -406],
    [ 549 -208]
    [2035 -771],
    [ 107  -83]
    [ 370 -287],
    [  54  -47]
    [ 185 -161],
    [ 219  -95]
    [ 740 -321],
    [ 221 -155]
    [ 740 -519],
    [  56  -33]
    [ 185 -109],
    [  58  -37]
    [ 185 -118],
    [ 129  -91]
    [ 370 -261],
    [ 131  -74]
    [ 370 -209],
    [ 133  -55]
    [ 370 -153],
    [ 68 -25]
    [185 -68],
    [ 489 -344]
    [1295 -911],
    [ 211 -165]
    [ 555 -434],
    [ 71 -38]
    [185 -99],
    [ 143  -63]
    [ 370 -163],
    [  76  -53]
    [ 185 -129],
    [ 233 -144]
    [ 555 -343],
    [ 78 -35]
    [185 -83],
    [ 161 -104]
    [ 370 -239],
    [ 102  -59]
    [ 185 -107],
    [ 207 -127]
    [ 370 -227],
    [ 112  -89]
    [ 185 -147],
    [ 117  -74]
    [ 185 -117],
    [ 133 -110]
    [ 185 -153],
    [ 134 -113]
    [ 185 -156],
    [ 142 -109]
    [ 185 -142]
]
